7.99291e-05 -1 5.14474e-06 0.29998 1 7.9929e-05 -2.0378e-05 -2.02375e-05 2.03776e-05 5.14637e-06 1 0.400016
-0.000144561 -1 -6.92468e-05 0.499998 1 -0.000144562 1.83331e-05 9.73983e-06 -1.83431e-05 -6.92441e-05 1 0.400032
0.000125644 -1 6.5386e-05 0.300014 1 0.000125657 0.000190831 0.199982 -0.000190839 6.5362e-05 1 0.399967
-0.000105061 -1 9.80227e-06 0.499996 1 -0.000105061 7.06396e-06 0.200005 -7.06293e-06 9.80301e-06 1 0.400017
-5.78166e-06 -1 -1.28406e-05 0.300022 1 -5.78137e-06 -2.2472e-05 -0.199958 2.2472e-05 -1.28407e-05 1 0.400012
-5.48804e-05 -1 1.79226e-05 0.499995 1 -5.48807e-05 -1.65088e-05 -0.200005 1.65098e-05 1.79217e-05 1 0.400032
3.79652e-05 -1 -8.34804e-06 0.400016 1 3.79651e-05 1.24231e-05 1.33688e-05 -1.24228e-05 -8.34851e-06 1 0.299969
3.23783e-05 -1 -4.37858e-06 0.399997 1 3.23781e-05 5.25305e-05 -3.87279e-06 -5.25303e-05 -4.38028e-06 1 0.499981
-0.0490628 -0.98836 -0.144007 0.652838 0.936586 0.00456301 -0.350409 -0.0616492 0.346987 -0.152067 0.92546 0.159556
0.508521 -0.842966 -0.175544 0.321658 0.802287 0.389842 0.452061 -0.49519 -0.312638 -0.370719 0.874543 0.322077
0.443876 -0.895903 0.0182185 0.318524 0.894132 0.444158 0.0570238 -0.130157 -0.0591797 -0.00902174 0.998207 0.32796
0.196594 -0.956025 0.217639 0.271707 0.806132 0.0312492 -0.590911 0.229254 0.558124 0.291615 0.776825 0.371551
0.495994 -0.857589 0.136127 0.282279 0.867567 0.495986 -0.036402 0.271539 -0.0362991 0.136154 0.990022 0.264502
0.176718 -0.922753 0.342487 0.346207 0.871246 0.308542 0.381748 -0.00261334 -0.457931 0.230929 0.85847 0.371984
0.0244136 -0.930559 -0.365328 0.600562 0.998145 0.0430746 -0.0430164 -0.00508647 0.0557657 -0.3636 0.929884 0.502198
0.644149 -0.720931 -0.255598 0.601617 0.647743 0.691855 -0.319007 -0.00480459 0.406819 0.0399259 0.912636 0.39526
0.208579 -0.970185 0.123431 0.486436 0.58482 0.224884 0.779367 -0.34136 -0.783888 -0.0903744 0.61429 0.26647
0.262094 -0.85337 -0.450628 0.393624 0.965001 0.227447 0.130538 -0.371481 -0.00890352 -0.46907 0.883116 0.172347
0.0480691 -0.976114 -0.211876 0.32477 0.850515 0.151227 -0.503741 -0.226233 0.52375 -0.155989 0.837468 0.229751
0.0975251 -0.994903 0.0256264 0.333859 0.995173 0.0977708 0.00851483 0.0215778 -0.0109769 0.0246723 0.999635 0.287852
-0.0292108 -0.954191 0.297768 0.331848 0.885355 0.113583 0.450827 0.0588268 -0.463997 0.2768 0.84148 0.423176
0.420374 -0.888113 -0.185851 0.425175 0.79147 0.258752 0.553735 0.0221447 -0.44369 -0.379871 0.811688 0.430245
0.333082 -0.661038 0.672372 0.242693 0.535997 0.719413 0.441761 0.341522 -0.775734 0.213247 0.593938 0.159805
0.0659341 -0.963874 0.25807 0.299994 0.993977 0.0861351 0.0677586 0.260009 -0.0875396 0.252048 0.963747 0.229986
-0.0925257 -0.995201 -0.0318366 0.413029 0.7182 -0.0888501 0.69014 0.0208416 -0.689657 0.0409907 0.722975 0.372733
0.277843 -0.951323 0.13337 0.413035 0.820602 0.307224 0.481898 0.299986 -0.499415 -0.024448 0.866018 0.372717
0.703521 -0.69617 -0.142847 0.31016 0.710083 0.696783 0.101363 -0.158293 0.0289676 -0.172744 0.984541 0.356039
0.529439 -0.741918 0.411403 0.393311 0.544796 0.669078 0.505502 -0.153846 -0.650301 -0.0435015 0.75843 0.294402
0.378563 -0.924094 -0.0523501 0.556211 0.821373 0.361478 -0.441225 -0.14664 0.426656 0.124032 0.895868 0.177573
0.573919 -0.799618 -0.176715 0.550297 0.380863 0.451666 -0.80681 0.200794 0.724955 0.395739 0.563764 0.179006
-0.0109047 -0.99824 -0.0582843 0.470031 0.925348 -0.0321643 0.377752 -0.300013 -0.378962 -0.049814 0.92407 0.300014
0.451813 -0.79952 0.395768 0.433494 0.380785 0.574022 0.724915 -0.00518302 -0.806764 -0.176824 0.563795 0.278289
