-4.20357e-05 -1 4.5063e-05 0.300001 1 -4.20351e-05 1.31462e-05 -1.18025e-05 -1.31443e-05 4.50635e-05 1 0.400033
-3.78234e-05 -1 -0.000146326 0.500015 1 -3.78225e-05 -6.02545e-06 -3.03291e-05 6.01992e-06 -0.000146326 1 0.400077
4.37987e-05 -1 6.46955e-05 0.300008 1 4.38075e-05 0.000136758 0.19999 -0.000136761 6.46895e-05 1 0.399965
-0.000109732 -1 4.14998e-05 0.49998 1 -0.000109731 1.62229e-05 0.200017 -1.62184e-05 4.15016e-05 1 0.40001
-7.56392e-05 -1 -7.51823e-05 0.300005 1 -7.56384e-05 -1.04884e-05 -0.199991 1.04827e-05 -7.51831e-05 1 0.400021
-8.48989e-05 -1 2.25243e-05 0.499996 1 -8.48995e-05 -2.59243e-05 -0.200007 2.59262e-05 2.25221e-05 1 0.400045
0.00012967 -1 6.13357e-05 0.400017 1 0.000129676 8.29148e-05 -2.5072e-05 -8.29228e-05 6.1325e-05 1 0.299983
-3.55921e-06 -1 2.27613e-05 0.400005 1 -3.55778e-06 6.31203e-05 -3.04487e-06 -6.31202e-05 2.27615e-05 1 0.49996
-0.0491552 -0.988339 -0.144114 0.65284 0.936566 0.00452207 -0.350461 -0.0616209 0.347027 -0.152199 0.925423 0.159594
0.508534 -0.842962 -0.175523 0.321649 0.802262 0.389842 0.452105 -0.4952 -0.312681 -0.370726 0.874524 0.322081
0.443877 -0.895904 0.0181521 0.318509 0.894127 0.444154 0.0571262 -0.13019 -0.0592419 -0.00912672 0.998202 0.327972
0.196572 -0.956037 0.217605 0.271713 0.806118 0.0312449 -0.590929 0.229257 0.558152 0.291575 0.776821 0.371576
0.495872 -0.857636 0.136279 0.28224 0.867642 0.49584 -0.0366132 0.271509 -0.0361716 0.136397 0.989994 0.264533
0.176512 -0.922756 0.342587 0.346156 0.871195 0.308449 0.381939 -0.00266667 -0.458107 0.231044 0.858345 0.371986
0.0244399 -0.930563 -0.365316 0.600563 0.998148 0.0430778 -0.0429545 -0.00510546 0.0557089 -0.36359 0.929892 0.502191
0.644109 -0.720959 -0.255621 0.601631 0.647766 0.691828 -0.319019 -0.00478379 0.406845 0.0399006 0.912625 0.395277
0.208592 -0.97018 0.123451 0.486419 0.584824 0.224909 0.779357 -0.34137 -0.783882 -0.0903702 0.614298 0.266452
0.262097 -0.853392 -0.450586 0.393619 0.965001 0.227477 0.130489 -0.371471 -0.00886043 -0.469016 0.883145 0.172326
0.0481624 -0.976115 -0.211847 0.324758 0.850562 0.151275 -0.503647 -0.226272 0.523665 -0.155933 0.837532 0.229755
0.0974815 -0.994904 0.0257601 0.333822 0.995175 0.0977325 0.00866954 0.0215367 -0.011143 0.0247907 0.999631 0.287798
-0.0292665 -0.954198 0.297741 0.331867 0.885347 0.113527 0.450856 0.0588444 -0.464008 0.276799 0.841474 0.423198
0.420364 -0.888126 -0.185811 0.42517 0.791477 0.258771 0.553716 0.0221457 -0.443687 -0.379828 0.811709 0.430255
0.333092 -0.661069 0.672338 0.242711 0.536003 0.719392 0.441786 0.341515 -0.775725 0.21322 0.593959 0.159812
0.0658544 -0.963889 0.258034 0.30001 0.993981 0.0860585 0.0677927 0.260016 -0.0875506 0.252016 0.963755 0.229994
-0.0925032 -0.995198 -0.0319914 0.413068 0.718092 -0.0889346 0.690242 0.0208133 -0.689773 0.0408768 0.722871 0.37275
0.277801 -0.951332 0.133395 0.413034 0.820566 0.307198 0.481976 0.299954 -0.499498 -0.0244334 0.865971 0.372714
0.70354 -0.69615 -0.142849 0.310162 0.710065 0.696801 0.101375 -0.158283 0.0289653 -0.172753 0.984539 0.356044
0.529512 -0.741899 0.411343 0.393302 0.544901 0.669102 0.505356 -0.153826 -0.650154 -0.0434504 0.758559 0.29439
0.378535 -0.924104 -0.0523645 0.556212 0.82141 0.361468 -0.441164 -0.146605 0.42661 0.123984 0.895897 0.177608
0.573948 -0.799566 -0.176858 0.55033 0.380816 0.451806 -0.806753 0.200761 0.724957 0.395684 0.563801 0.179012
-0.0109591 -0.998243 -0.0582374 0.470023 0.925365 -0.0321944 0.377707 -0.300003 -0.378918 -0.0497516 0.924092 0.299995
0.451614 -0.799657 0.395718 0.433477 0.38088 0.573871 0.724985 -0.00523694 -0.80683 -0.176693 0.563741 0.278308
