6.02084e-05 -1 0.000145157 0.299989 1 6.02123e-05 2.71371e-05 -3.09834e-06 -2.71458e-05 0.000145155 1 0.39997
-0.000116093 -1 9.16094e-05 0.499978 1 -0.000116092 1.21367e-05 6.0077e-07 -1.2126e-05 9.16108e-05 1 0.399987
8.05306e-06 -1 4.27569e-05 0.300018 1 8.05775e-06 0.000109485 0.199959 -0.000109485 4.27561e-05 1 0.399977
-0.000105602 -1 4.78903e-05 0.499983 1 -0.0001056 4.7955e-05 0.200005 -4.795e-05 4.78953e-05 1 0.4
-4.4779e-06 -1 -4.20943e-05 0.300011 1 -4.47776e-06 -3.41396e-06 -0.199967 3.41377e-06 -4.20944e-05 1 0.400015
-0.000123426 -1 -1.76059e-05 0.50001 1 -0.000123426 2.91769e-05 -0.20001 -2.9179e-05 -1.76023e-05 1 0.400044
4.95937e-05 -1 5.12522e-05 0.400008 1 4.95974e-05 7.20177e-05 -5.50936e-06 -7.20202e-05 5.12487e-05 1 0.299927
2.93964e-05 -1 -3.42393e-05 0.400008 1 2.93955e-05 2.78769e-05 2.36369e-06 -2.78759e-05 -3.42401e-05 1 0.500033
-0.0492135 -0.988362 -0.143938 0.652819 0.936545 0.00441355 -0.350519 -0.0615944 0.347075 -0.152054 0.925429 0.159548
0.508515 -0.84298 -0.175491 0.321646 0.802282 0.389855 0.452059 -0.495194 -0.312661 -0.370672 0.874555 0.322067
0.443858 -0.895913 0.0181614 0.318522 0.894141 0.444137 0.0570516 -0.130181 -0.0591794 -0.00908399 0.998206 0.327981
0.19653 -0.956026 0.217694 0.271696 0.806103 0.0311464 -0.590955 0.229273 0.558187 0.291624 0.776777 0.371596
0.495956 -0.857602 0.136183 0.282261 0.867587 0.495953 -0.0363778 0.271537 -0.0363429 0.136193 0.990016 0.264527
0.176729 -0.922749 0.342492 0.3462 0.871245 0.308554 0.381741 -0.00261824 -0.457928 0.23093 0.858471 0.371978
0.0244305 -0.930576 -0.365282 0.60057 0.998147 0.0430733 -0.0429745 -0.00510272 0.0557249 -0.363555 0.929905 0.502186
