-0.000106718 -1 4.0209e-06 0.299995 1 -0.000106719 -8.21619e-05 2.0177e-05 8.21623e-05 4.01213e-06 1 0.400007
-6.83432e-05 -1 4.21362e-05 0.499995 1 -6.83433e-05 -2.06259e-06 1.54312e-07 2.06547e-06 4.21361e-05 1 0.399993
5.37225e-05 -1 2.80069e-05 0.300017 1 5.37267e-05 0.000151705 0.199982 -0.000151706 2.79987e-05 1 0.399968
-0.000121322 -1 7.06325e-05 0.499974 1 -0.000121319 4.53731e-05 0.200015 -4.53646e-05 7.0638e-05 1 0.399985
-5.71972e-05 -1 -4.36817e-05 0.300001 1 -5.71979e-05 1.63662e-05 -0.19999 -1.63687e-05 -4.36808e-05 1 0.400008
-2.26845e-05 -1 2.39649e-05 0.499981 1 -2.26836e-05 3.87846e-05 -0.200025 -3.8784e-05 2.39658e-05 1 0.399999
0.000197503 -1 -0.000161838 0.400061 1 0.00019751 -4.296e-05 -2.07818e-05 4.2992e-05 -0.000161829 1 0.300012
6.88655e-05 -1 -5.90257e-05 0.400002 1 6.88667e-05 -2.12216e-05 -2.10414e-06 2.12256e-05 -5.90242e-05 1 0.499972
-0.0490918 -0.988371 -0.143917 0.652808 0.936548 0.0045203 -0.35051 -0.0616159 0.347085 -0.151993 0.925435 0.159538
0.5085 -0.842986 -0.175506 0.321653 0.802294 0.38984 0.45205 -0.495183 -0.312653 -0.370675 0.874556 0.322073
0.443914 -0.895886 0.0181192 0.318525 0.894115 0.44419 0.0570373 -0.130167 -0.0591473 -0.00911898 0.998208 0.327971
0.196422 -0.956076 0.217569 0.271715 0.806141 0.0311496 -0.590903 0.229286 0.558171 0.291458 0.776851 0.371572
0.4959 -0.857609 0.136347 0.282225 0.867611 0.495922 -0.0362381 0.271468 -0.0365393 0.136267 0.989998 0.264491
0.176713 -0.922742 0.342521 0.346194 0.871243 0.308554 0.381747 -0.00262697 -0.45794 0.230959 0.858457 0.371998
0.0244615 -0.930562 -0.365317 0.600596 0.998148 0.0430939 -0.0429365 -0.00511591 0.055698 -0.36359 0.929893 0.502181
0.644154 -0.72094 -0.255559 0.601611 0.647761 0.691846 -0.318991 -0.00480435 0.406781 0.0399385 0.912652 0.395252
0.208547 -0.970189 0.123456 0.486416 0.584771 0.224878 0.779405 -0.341383 -0.783933 -0.090349 0.614236 0.266452
0.262042 -0.85337 -0.450659 0.393634 0.965016 0.22744 0.130442 -0.371455 -0.00881757 -0.469074 0.883115 0.172343
0.0481094 -0.976104 -0.211913 0.324803 0.850551 0.151268 -0.503668 -0.226264 0.523688 -0.156011 0.837503 0.229809
0.0974769 -0.99491 0.0255562 0.333878 0.995178 0.0977214 0.00849566 0.0215899 -0.0109498 0.0246048 0.999637 0.287857
-0.0292168 -0.954198 0.297747 0.331852 0.885348 0.113572 0.450844 0.0588223 -0.464011 0.276782 0.841479 0.423181
0.420305 -0.888159 -0.18579 0.425164 0.791496 0.258734 0.553706 0.0221603 -0.443709 -0.379778 0.811721 0.430241
0.333134 -0.661158 0.67223 0.242725 0.536037 0.719332 0.441843 0.34149 -0.775684 0.213147 0.594039 0.159821
-0.293784 -0.944668 0.145923 0.220059 0.872397 -0.327376 -0.362971 0.394742 0.390659 0.0206682 0.920304 0.179016
-0.0924373 -0.995209 -0.0318415 0.413009 0.718159 -0.0887868 0.690191 0.0208145 -0.689712 0.0409321 0.722926 0.37272
0.270873 -0.95424 0.126703 0.413023 0.615072 0.272821 0.739767 0.0208033 -0.740483 -0.122451 0.660826 0.372715
0.703542 -0.69615 -0.142844 0.31018 0.710062 0.69681 0.101331 -0.15829 0.0289936 -0.172718 0.984544 0.356033
0.529504 -0.741896 0.411358 0.393313 0.544801 0.6691 0.505467 -0.153849 -0.650244 -0.0435382 0.758477 0.294408
0.378558 -0.9241 -0.0522715 0.556197 0.82131 0.361417 -0.441393 -0.146604 0.426783 0.124162 0.89579 0.177581
0.573877 -0.799623 -0.176829 0.550321 0.380898 0.451767 -0.806736 -0.200769 0.72497 0.395614 0.563833 0.179
-0.341593 -0.874914 -0.343278 0.489893 0.770151 -0.469923 0.431323 -0.469836 -0.538685 -0.117039 0.834338 0.22918
0.451834 -0.799497 0.395791 0.433484 0.380762 0.574051 0.724904 -0.0051909 -0.806763 -0.176834 0.563794 0.278283
