5.65502e-05 -1 1.16353e-05 0.299981 1 5.65507e-05 4.39731e-05 -3.92872e-05 -4.39738e-05 1.16328e-05 1 0.399998
-5.4305e-05 -1 -3.58559e-05 0.499988 1 -5.43049e-05 -1.39214e-06 7.81923e-06 1.39019e-06 -3.5856e-05 1 0.400019
4.87118e-05 -1 6.30586e-05 0.300016 1 4.87234e-05 0.000183799 0.199978 -0.000183803 6.30496e-05 1 0.399964
-5.62046e-05 -1 5.01139e-05 0.499969 1 -5.62032e-05 2.77098e-05 0.200007 -2.7707e-05 5.01155e-05 1 0.399995
-3.14566e-05 -1 -8.71284e-05 0.300011 1 -3.14566e-05 -2.36582e-07 -0.199988 2.33841e-07 -8.71284e-05 1 0.400032
-4.71692e-05 -1 1.01669e-05 0.500001 1 -4.71694e-05 -1.82166e-05 -0.200002 1.82171e-05 1.01661e-05 1 0.400019
0.000122193 -1 -6.84018e-05 0.400051 1 0.000122195 -2.85049e-05 1.21619e-05 2.85133e-05 -6.83983e-05 1 0.300038
-5.9353e-05 -1 5.73724e-05 0.399979 1 -5.93507e-05 4.05101e-05 -6.10231e-06 -4.05067e-05 5.73748e-05 1 0.499973
-0.0491378 -0.988353 -0.144025 0.652836 0.93658 0.00450062 -0.350424 -0.0616356 0.346991 -0.15211 0.925451 0.159558
0.508497 -0.842992 -0.175484 0.32165 0.802285 0.389836 0.452069 -0.49519 -0.312681 -0.370664 0.874551 0.322068
0.4439 -0.895892 0.0181728 0.318518 0.894122 0.44418 0.0570153 -0.13016 -0.0591515 -0.00906041 0.998208 0.327968
0.196579 -0.956014 0.217699 0.271689 0.806137 0.0312025 -0.590906 0.229264 0.558122 0.291655 0.776812 0.371562
0.496053 -0.857538 0.136234 0.282253 0.867526 0.496065 -0.0362957 0.271512 -0.0364558 0.136191 0.990012 0.264496
0.176769 -0.92274 0.342495 0.3462 0.871262 0.308577 0.381685 -0.00259644 -0.457882 0.230933 0.858495 0.371982
0.0245113 -0.930548 -0.36535 0.60057 0.998145 0.0431508 -0.0429397 -0.00511054 0.0557226 -0.36362 0.929879 0.5022
0.644058 -0.720999 -0.255634 0.601633 0.647884 0.691796 -0.318849 -0.00481847 0.406737 0.0397364 0.912681 0.395258
0.208519 -0.9702 0.123416 0.486432 0.584758 0.224827 0.77943 -0.341391 -0.78395 -0.0903571 0.614213 0.266467
0.262073 -0.853358 -0.450664 0.39364 0.965008 0.227452 0.130484 -0.371468 -0.00884469 -0.469091 0.883106 0.172359
0.0481277 -0.97611 -0.211882 0.324798 0.850517 0.151277 -0.503721 -0.226272 0.52374 -0.155966 0.837479 0.229775
0.0975434 -0.994901 0.0256303 0.333855 0.99517 0.09779 0.00854634 0.021572 -0.0110091 0.0246728 0.999635 0.287834
-0.0292684 -0.954183 0.297789 0.331849 0.885336 0.113555 0.450872 0.0588318 -0.46403 0.276839 0.841449 0.423189
0.420386 -0.888121 -0.185787 0.425164 0.791453 0.258791 0.553741 0.0221548 -0.443709 -0.379826 0.811698 0.430228
0.333087 -0.661143 0.672267 0.242712 0.535994 0.719345 0.441874 0.341488 -0.775734 0.213148 0.593973 0.159803
0.0658653 -0.96389 0.258028 0.299997 0.993983 0.0860613 0.0677622 0.260022 -0.0875215 0.252012 0.963758 0.230004
-0.0925291 -0.995201 -0.031837 0.413026 0.71821 -0.0888534 0.69013 0.020846 -0.689647 0.0409915 0.722985 0.372729
0.277841 -0.951309 0.133474 0.413015 0.820592 0.307275 0.481883 0.299978 -0.499433 -0.0243592 0.86601 0.372709
0.703508 -0.696167 -0.142928 0.310177 0.710093 0.696781 0.101312 -0.158289 0.0290595 -0.172766 0.984534 0.356051
0.529438 -0.741899 0.411438 0.393288 0.544781 0.669101 0.505488 -0.153847 -0.650315 -0.0434811 0.75842 0.294396
0.378561 -0.924102 -0.0522258 0.556196 0.82134 0.361407 -0.441346 -0.146629 0.426724 0.124181 0.895816 0.177566
0.573985 -0.799549 -0.176813 0.550321 0.380842 0.451805 -0.806742 0.20076 0.724914 0.39572 0.563831 0.178998
-0.0109387 -0.998245 -0.0581994 0.470004 0.925347 -0.0321636 0.377756 -0.300028 -0.378965 -0.0497224 0.924074 0.299996
0.451846 -0.799462 0.395847 0.433463 0.380738 0.574104 0.724874 -0.00517763 -0.806767 -0.176817 0.563793 0.278275
