1.59143e-05 -1 -4.41765e-05 0.299996 1 1.59141e-05 4.2077e-06 -2.54492e-05 -4.207e-06 -4.41765e-05 1 0.400016
-0.000163655 -1 4.73152e-05 0.499971 1 -0.000163656 -1.05672e-06 -1.40001e-05 1.06446e-06 4.73151e-05 1 0.399998
8.01109e-05 -1 2.56765e-05 0.300006 1 8.01131e-05 8.75893e-05 0.199971 -8.75914e-05 2.56695e-05 1 0.399985
-5.78626e-05 -1 -8.31846e-05 0.500021 1 -5.78582e-05 -5.31349e-05 0.200007 5.31301e-05 -8.31877e-05 1 0.400048
-0.000135339 -1 -5.67683e-05 0.299992 1 -0.00013534 1.33668e-05 -0.199987 -1.33744e-05 -5.67665e-05 1 0.40002
-2.92677e-05 -1 8.18072e-05 0.499974 1 -2.92659e-05 2.22711e-05 -0.200025 -2.22687e-05 8.18078e-05 1 0.399995
-3.1384e-07 -1 -2.16775e-05 0.400028 1 -3.14652e-07 3.74601e-05 -5.69664e-06 -3.74601e-05 -2.16775e-05 1 0.299971
-5.35508e-05 -1 5.76575e-05 0.400004 1 -5.35493e-05 2.6475e-05 6.80752e-06 -2.64719e-05 5.7659e-05 1 0.499981
-0.0492207 -0.988318 -0.144238 0.652881 0.936577 0.00449921 -0.350433 -0.0616156 0.346988 -0.152338 0.925415 0.159611
0.508537 -0.842965 -0.1755 0.321635 0.802264 0.389863 0.452083 -0.495192 -0.312669 -0.370698 0.87454 0.322084
0.443879 -0.895903 0.0181352 0.318529 0.894125 0.444155 0.0571672 -0.130218 -0.0592711 -0.00916015 0.9982 0.327963
0.196514 -0.956043 0.217633 0.2717 0.8062 0.0312197 -0.590819 0.229251 0.558054 0.29156 0.776897 0.371525
0.495921 -0.857609 0.13627 0.282242 0.867604 0.495925 -0.0363458 0.271484 -0.0364094 0.136253 0.990005 0.264495
0.17658 -0.92275 0.342566 0.346186 0.871203 0.308491 0.381889 -0.00263743 -0.458067 0.231011 0.858376 0.371972
0.0244108 -0.930569 -0.365302 0.60056 0.998145 0.0430728 -0.0430239 -0.00507124 0.0557713 -0.363574 0.929894 0.502198
0.64421 -0.720897 -0.25554 0.601617 0.647736 0.69189 -0.318945 -0.004814 0.406732 0.0399454 0.912674 0.395234
0.208546 -0.970194 0.123422 0.486414 0.584698 0.224842 0.779471 -0.341399 -0.783988 -0.0903909 0.61416 0.26646
0.262203 -0.853387 -0.450532 0.393611 0.964971 0.227543 0.130594 -0.37149 -0.00893218 -0.468993 0.883157 0.172326
0.0481812 -0.976104 -0.211895 0.324803 0.850541 0.151321 -0.503669 -0.22627 0.523697 -0.155958 0.837507 0.229746
0.0974009 -0.994917 0.0255617 0.333865 0.995184 0.0976471 0.00856553 0.0215646 -0.011018 0.0246043 0.999637 0.28784
-0.0292687 -0.954183 0.297789 0.331843 0.885361 0.11354 0.450826 0.0588399 -0.463982 0.276846 0.841473 0.423182
0.420347 -0.88814 -0.185784 0.425163 0.79147 0.258763 0.55373 0.022149 -0.443716 -0.379801 0.811706 0.430242
0.333102 -0.661153 0.67225 0.24272 0.536003 0.719339 0.441874 0.341499 -0.775721 0.213139 0.593993 0.159799
0.065986 -0.963866 0.258084 0.299999 0.99396 0.0862238 0.0678876 0.260018 -0.0876875 0.252046 0.963734 0.229984
-0.0925205 -0.9952 -0.0318938 0.413036 0.718129 -0.0888818 0.690211 0.0208156 -0.689733 0.0409548 0.722905 0.372727
0.277666 -0.951379 0.133338 0.413023 0.820664 0.307055 0.4819 0.020844 -0.499412 -0.0243819 0.866022 0.372728
0.703491 -0.696199 -0.142851 0.310177 0.710111 0.696765 0.101296 -0.158284 0.0290113 -0.172701 0.984547 0.356026
0.529517 -0.741894 0.411346 0.393321 0.544792 0.669101 0.505476 -0.153856 -0.650241 -0.0435599 0.758478 0.294399
0.378496 -0.924119 -0.0523842 0.556225 0.821399 0.361435 -0.441214 -0.146632 0.426667 0.123969 0.895872 0.177578
0.57393 -0.799583 -0.176838 0.550317 0.380932 0.451836 -0.806681 -0.200787 0.72491 0.395615 0.563909 0.178987
-0.0107571 -0.998253 -0.0580905 0.469981 0.925418 -0.0319455 0.377599 -0.30004 -0.378796 -0.0496961 0.924145 0.299959
0.451564 -0.799562 0.395969 0.433423 0.380834 0.574056 0.724862 -0.00517831 -0.80688 -0.176523 0.563723 0.27829
