4.84791e-05 -1 -5.26663e-05 0.300004 1 4.84807e-05 -3.05718e-05 -1.51412e-05 3.05744e-05 -5.26649e-05 1 0.400037
-0.000119651 -1 -6.20678e-05 0.500005 1 -0.000119652 2.16239e-05 3.16901e-06 -2.16314e-05 -6.20652e-05 1 0.400047
0.000142135 -1 6.04261e-05 0.300003 1 0.000142144 0.000147243 0.199976 -0.000147252 6.04051e-05 1 0.399952
-0.000134875 -1 -5.35886e-05 0.499969 1 -0.000134872 -4.21306e-05 0.200015 4.21234e-05 -5.35943e-05 1 0.400043
-2.02201e-05 -1 -4.27989e-05 0.299993 1 -2.02207e-05 1.55034e-05 -0.200015 -1.55043e-05 -4.27986e-05 1 0.400018
8.13608e-06 -1 2.8231e-05 0.499988 1 8.13618e-06 3.58523e-06 -0.200025 -3.58546e-06 2.8231e-05 1 0.400018
0.000124251 -1 -3.01144e-05 0.400027 1 0.00012425 1.24896e-05 -1.59875e-05 -1.24858e-05 -3.0116e-05 1 0.300012
6.23047e-05 -1 0.000115251 0.399972 1 6.23151e-05 8.96915e-05 -2.14213e-05 -8.96987e-05 0.000115246 1 0.49997
-0.0492286 -0.988355 -0.143979 0.652828 0.936546 0.00441377 -0.350517 -0.0615936 0.347071 -0.152099 0.925423 0.159571
0.508488 -0.842989 -0.175528 0.321661 0.802309 0.389827 0.452034 -0.495185 -0.312634 -0.370681 0.87456 0.322063
0.44391 -0.895887 0.0181524 0.318522 0.894112 0.444188 0.0570996 -0.130182 -0.0592179 -0.00911678 0.998203 0.327983
0.196547 -0.956022 0.217694 0.271695 0.806148 0.0311838 -0.590892 0.229259 0.558117 0.291632 0.776824 0.371574
0.495945 -0.857618 0.136126 0.282275 0.867592 0.49595 -0.0363017 0.271512 -0.0363789 0.136106 0.990026 0.264503
0.176831 -0.922739 0.342466 0.346194 0.871277 0.308607 0.381627 -0.00257314 -0.457829 0.230899 0.858532 0.371975
0.0245316 -0.930598 -0.365221 0.600543 0.99815 0.0431292 -0.04285 -0.00508272 0.0556278 -0.363494 0.929934 0.502192
0.644066 -0.720982 -0.255666 0.601632 0.647775 0.691806 -0.319048 -0.00478026 0.406899 0.039874 0.912602 0.395296
0.208486 -0.970201 0.123466 0.486402 0.584737 0.224844 0.77944 -0.341406 -0.783974 -0.0903068 0.61419 0.266446
0.262041 -0.853389 -0.450624 0.393633 0.965017 0.227455 0.130412 -0.371455 -0.008796 -0.469033 0.883137 0.172311
0.0480677 -0.976103 -0.211925 0.324784 0.850509 0.151252 -0.503744 -0.226237 0.52376 -0.15603 0.837455 0.229769
0.0975208 -0.994903 0.025649 0.333852 0.995174 0.0977633 0.00837619 0.0216101 -0.010841 0.0247084 0.999636 0.287859
-0.0292722 -0.954197 0.297744 0.331862 0.885324 0.113538 0.4509 0.0588256 -0.464053 0.276799 0.84145 0.423187
0.420423 -0.888102 -0.185791 0.425153 0.791453 0.258831 0.553722 0.0221528 -0.443673 -0.379843 0.81171 0.430238
0.333059 -0.661029 0.672393 0.242679 0.535993 0.719415 0.441761 0.341529 -0.775746 0.213265 0.593915 0.159809
-0.29381 -0.944672 0.145847 0.220076 0.872419 -0.327369 -0.362925 0.394724 0.390591 0.0206084 0.920334 0.178999
-0.0924518 -0.995209 -0.0318132 0.413002 0.718145 -0.0887768 0.690207 0.0208032 -0.689725 0.0409644 0.722912 0.372704
0.540607 -0.79429 0.277213 0.412989 0.420862 0.540662 0.728395 0.0208226 -0.728436 -0.277107 0.626572 0.372713
0.703541 -0.696168 -0.142761 0.310174 0.710068 0.696796 0.10139 -0.158291 0.028891 -0.172702 0.98455 0.356028
0.529495 -0.741901 0.411361 0.393307 0.544805 0.669095 0.50547 -0.153849 -0.650248 -0.0435329 0.758474 0.294405
0.378532 -0.92411 -0.0522862 0.556213 0.82141 0.361427 -0.441198 -0.146665 0.426614 0.124059 0.895885 0.177571
0.573924 -0.799583 -0.176856 0.550318 0.380895 0.451829 -0.806703 -0.2008 0.724934 0.395623 0.563873 0.178988
-0.34155 -0.874947 -0.343238 0.489858 0.770176 -0.469865 0.431343 -0.469863 -0.538677 -0.117028 0.834345 0.229172
0.451814 -0.799493 0.395822 0.433481 0.380789 0.574072 0.724874 -0.00517665 -0.806761 -0.176784 0.563812 0.278285
