# VR calibration matrix setting
# Auto-capture + One-shot YAML update (R_Adj, T_AD, T_BC, T_SA)
# saved_at: 2026.05.19 16:58

meta:
  t_sa_w_des_z: 1.570796326795
  z_fix_enable: true
  z_fix_max_tilt_deg: 5.000000000000
  z_residual_enable: true
  z_residual_max_correction_mm: 10.000000000000
  note: "Runtime tool correction uses inv(T_BC); T_SA is right-multiplied."

T_AD:
  - [0.982350401660, 0.186979744077, 0.005124808624, 0.133804641260]
  - [-0.185951194330, 0.973247965970, 0.134946471097, -1.076438628162]
  - [0.020244547060, -0.133517684369, 0.990839637012, 1.400740995132]
  - [0.000000000000, 0.000000000000, 0.000000000000, 1.000000000000]

T_BC:
  - [0.999870862341, -0.014757763666, 0.006361372006, -0.002119374016]
  - [-0.014750906887, -0.999890568311, -0.001123454120, -0.242469045754]
  - [0.006377255541, 0.001029473033, -0.999979135181, 0.291504162744]
  - [0.000000000000, 0.000000000000, 0.000000000000, 1.000000000000]

R_Adj:
  - [0.999784126592, -0.016695168698, -0.012368167041]
  - [0.009732746619, -0.149607961812, 0.988697492363]
  - [-0.018356847688, -0.988604435103, -0.149413175585]

# left-multiplied rigid z-plane correction (M_cal = T_FIX @ M_cal)
T_FIX:
  - [0.999964875651, 0.000000000000, 0.008381376002, 0.000000000000]
  - [-0.000016235415, 0.999998123854, 0.001937014285, 0.000000000000]
  - [-0.008381360278, -0.001937082323, 0.999962999571, 0.001998827482]
  - [0.000000000000, 0.000000000000, 0.000000000000, 1.000000000000]

# optional z-only residual correction after T_FIX: z += f((x-center_x)/scale_xy, (y-center_y)/scale_xy)
Z_RESIDUAL:
  enabled: true
  model: quadratic_xy
  center_x: 0.406361153323
  center_y: -0.041880572246
  scale_xy: 0.476984396076
  max_abs_correction_m: 0.010000000000
  rms_before_m: 0.008623909173
  rms_after_m: 0.008446911199
  coeff: [-0.001542657817, -0.004329204409, -0.002536321792, 0.028936572224, -0.006335289502, -0.001317644380]

# optional extra constant offset; runtime ignores this unless apply_T_CE_extra=true or tool_correction_mode=t_ce
T_CE:
  - [1.000000000000, 0.000000000000, 0.000000000000, 0.000000000000]
  - [0.000000000000, 1.000000000000, 0.000000000000, 0.000000000000]
  - [0.000000000000, 0.000000000000, 1.000000000000, 0.260000000000]
  - [0.000000000000, 0.000000000000, 0.000000000000, 1.000000000000]

# spatial-angle frame alignment (right-multiply)
T_SA:
  - [0.999817006947, -0.018092063597, 0.006215291958, 0.000000000000]
  - [-0.018036711349, -0.999798162804, -0.008849333182, 0.000000000000]
  - [0.006374140180, 0.008735610389, -0.999941528015, 0.000000000000]
  - [0.000000000000, 0.000000000000, 0.000000000000, 1.000000000000]
