# VR calibration matrix setting
# Auto-capture + One-shot YAML update (R_Adj, T_AD, T_BC, T_SA)
# saved_at: 2026.06.04 21:29

meta:
  t_sa_w_des_z: 1.570796326795
  z_fix_enable: true
  z_fix_max_tilt_deg: 5.000000000000
  z_residual_enable: true
  z_residual_max_correction_mm: 10.000000000000
  note: "Runtime tool correction uses inv(T_BC); T_SA is right-multiplied."

T_AD:
  - [0.122625287870, -0.012247127937, -0.992377471848, -0.908869083666]
  - [-0.992414514188, -0.010323754988, -0.122502457572, 0.016734734796]
  - [-0.008744758604, 0.999871705740, -0.013420180949, 1.600349814858]
  - [0.000000000000, 0.000000000000, 0.000000000000, 1.000000000000]

T_BC:
  - [0.999450824544, -0.032980960848, 0.003210224237, 0.000495019164]
  - [-0.032984908120, -0.999455147965, 0.001184500963, -0.246299444234]
  - [0.003169409160, -0.001289739416, -0.999994145692, 0.292556849136]
  - [0.000000000000, 0.000000000000, 0.000000000000, 1.000000000000]

R_Adj:
  - [1.000000000000, 0.000000000000, 0.000000000000]
  - [0.000000000000, 1.000000000000, 0.000000000000]
  - [0.000000000000, 0.000000000000, 1.000000000000]

# left-multiplied rigid z-plane correction (M_cal = T_FIX @ M_cal)
T_FIX:
  - [0.999994936113, 0.000000000000, 0.003182412296, 0.000000000000]
  - [0.000004438545, 0.999999027391, -0.001394703649, 0.000000000000]
  - [-0.003182409200, 0.001394710711, 0.999993963509, 0.000451871155]
  - [0.000000000000, 0.000000000000, 0.000000000000, 1.000000000000]

# optional z-only residual correction after T_FIX: z += f((x-center_x)/scale_xy, (y-center_y)/scale_xy)
Z_RESIDUAL:
  enabled: true
  model: quadratic_xy
  center_x: 0.404531997734
  center_y: -0.021675595337
  scale_xy: 0.480848262935
  max_abs_correction_m: 0.010000000000
  rms_before_m: 0.002559954342
  rms_after_m: 0.002495202969
  coeff: [-0.000447542048, 0.000928268184, -0.000017857780, -0.000182072288, -0.003691909950, 0.002236351929]

# final constant offset; runtime applies this last when apply_T_CE_extra=true
T_CE:
  - [1.000000000000, 0.000000000000, 0.000000000000, 0.000000000000]
  - [0.000000000000, 1.000000000000, 0.000000000000, 0.000000000000]
  - [0.000000000000, 0.000000000000, 1.000000000000, -0.197000000000]
  - [0.000000000000, 0.000000000000, 0.000000000000, 1.000000000000]

# spatial-angle frame alignment (right-multiply)
T_SA:
  - [0.999525436818, -0.030782774236, 0.001149767800, 0.000000000000]
  - [-0.030775702187, -0.999509882897, -0.005731504662, 0.000000000000]
  - [0.001325635893, 0.005693399791, -0.999982913799, 0.000000000000]
  - [0.000000000000, 0.000000000000, 0.000000000000, 1.000000000000]

