# VR calibration matrix setting
# Auto-capture + One-shot YAML update (R_Adj, T_AD, T_BC, T_SA)
# saved_at: 2026.07.09 19:18

meta:
  t_sa_w_des_z: 1.570796326795
  z_fix_enable: true
  z_fix_max_tilt_deg: 5.000000000000
  z_residual_enable: true
  z_residual_max_correction_mm: 10.000000000000
  note: "Runtime tool correction uses inv(T_BC); T_SA is right-multiplied."

T_AD:
  - [0.139229100762, -0.005320356988, -0.990245904461, -0.909238919237]
  - [-0.990247523834, -0.005807121235, -0.139198128158, 0.029449174491]
  - [-0.005009894285, 0.999968985091, -0.006076990601, 1.601435082693]
  - [0.000000000000, 0.000000000000, 0.000000000000, 1.000000000000]

T_BC:
  - [0.999894985715, 0.014264254094, 0.002559022815, -0.000736476426]
  - [0.014259524747, -0.999896603536, 0.001856930428, -0.244449464270]
  - [0.002585245949, -0.001820244974, -0.999995001593, 0.291841499664]
  - [0.000000000000, 0.000000000000, 0.000000000000, 1.000000000000]

R_Adj:
  - [1.000000000000, 0.000000000000, 0.000000000000]
  - [0.000000000000, 1.000000000000, 0.000000000000]
  - [0.000000000000, 0.000000000000, 1.000000000000]

# left-multiplied rigid z-plane correction (M_cal = T_FIX @ M_cal)
T_FIX:
  - [0.999981586370, 0.000000000000, 0.006068518857, 0.000000000000]
  - [0.000018765288, 0.999995219029, -0.003092178298, 0.000000000000]
  - [-0.006068489844, 0.003092235237, 0.999976805487, 0.001935562084]
  - [0.000000000000, 0.000000000000, 0.000000000000, 1.000000000000]

# optional z-only residual correction after T_FIX: z += f((x-center_x)/scale_xy, (y-center_y)/scale_xy)
Z_RESIDUAL:
  enabled: true
  model: quadratic_xy
  center_x: 0.405600687611
  center_y: -0.022227453029
  scale_xy: 0.483821835517
  max_abs_correction_m: 0.010000000000
  rms_before_m: 0.002683257979
  rms_after_m: 0.002444357894
  coeff: [0.000191266706, -0.000207900608, -0.001313383722, 0.000885694187, -0.013426696742, -0.002508607420]

# final constant offset; runtime applies this last when apply_T_CE_extra=true
T_CE:
  - [1.000000000000, 0.000000000000, 0.000000000000, 0.000000000000]
  - [0.000000000000, 1.000000000000, 0.000000000000, 0.000000000000]
  - [0.000000000000, 0.000000000000, 1.000000000000, -0.197000000000]
  - [0.000000000000, 0.000000000000, 0.000000000000, 1.000000000000]

# spatial-angle frame alignment (right-multiply)
T_SA:
  - [0.999953866649, 0.009530866983, 0.001194633907, 0.000000000000]
  - [0.009519195327, -0.999910300939, 0.009422048498, 0.000000000000]
  - [0.001284327042, -0.009410241873, -0.999954897910, 0.000000000000]
  - [0.000000000000, 0.000000000000, 0.000000000000, 1.000000000000]

