# VR calibration matrix setting
# Auto-capture + One-shot YAML update (R_Adj, T_AD, T_BC, T_SA)
# saved_at: 2026.05.19 15:38

meta:
  t_sa_w_des_z: 1.570796326795
  z_fix_enable: true
  z_fix_max_tilt_deg: 5.000000000000
  note: "Runtime tool correction uses inv(T_BC); T_SA is right-multiplied."

T_AD:
  - [0.981937325439, 0.189169027142, -0.003764051059, 0.134130498559]
  - [-0.187043377662, 0.973518839896, 0.131437602078, -1.072818140363]
  - [0.028528297936, -0.128359446623, 0.991317299697, 1.410080590834]
  - [0.000000000000, 0.000000000000, 0.000000000000, 1.000000000000]

T_BC:
  - [0.999984331389, 0.003840897067, 0.004072405570, 0.000393149779]
  - [0.003847359839, -0.999991350165, -0.001580322042, -0.244639162101]
  - [0.004066300490, 0.001595965290, -0.999990459002, 0.292291881359]
  - [0.000000000000, 0.000000000000, 0.000000000000, 1.000000000000]

R_Adj:
  - [0.999502681847, -0.016697191973, -0.026750565602]
  - [0.024187922145, -0.138323774436, 0.990091651236]
  - [-0.020231989574, -0.990246301284, -0.137851113132]

# left-multiplied rigid z-plane correction (M_cal = T_FIX @ M_cal)
T_FIX:
  - [0.999999996707, -0.000000000000, -0.000081157562, 0.000000000000]
  - [-0.000000033745, 0.999999913559, -0.000415789983, 0.000000000000]
  - [0.000081157555, 0.000415789984, 0.999999910266, 0.000087554095]
  - [0.000000000000, 0.000000000000, 0.000000000000, 1.000000000000]

# optional extra constant offset; runtime ignores this unless apply_T_CE_extra=true or tool_correction_mode=t_ce
T_CE:
  - [1.000000000000, 0.000000000000, 0.000000000000, 0.000000000000]
  - [0.000000000000, 1.000000000000, 0.000000000000, 0.000000000000]
  - [0.000000000000, 0.000000000000, 1.000000000000, 0.260000000000]
  - [0.000000000000, 0.000000000000, 0.000000000000, 1.000000000000]

# spatial-angle frame alignment (right-multiply)
T_SA:
  - [0.999997696729, 0.001886265355, 0.001023981812, 0.000000000000]
  - [0.001894795664, -0.999962970566, -0.008394477202, 0.000000000000]
  - [0.001008109683, 0.008396398104, -0.999964241468, 0.000000000000]
  - [0.000000000000, 0.000000000000, 0.000000000000, 1.000000000000]

