# VR calibration matrix setting
# Auto-capture + One-shot YAML update (R_Adj, T_AD, T_BC, T_SA)
# saved_at: 2026.05.22 17:04

meta:
  t_sa_w_des_z: 1.570796326795
  z_fix_enable: true
  z_fix_max_tilt_deg: 5.000000000000
  z_residual_enable: true
  z_residual_max_correction_mm: 10.000000000000
  note: "Runtime tool correction uses inv(T_BC); T_SA is right-multiplied."

T_AD:
  - [-0.047002967184, -0.006777321694, -0.998871758028, -0.892337521345]
  - [-0.998836508177, -0.010479410922, 0.047072411025, -0.107020971892]
  - [-0.010786612483, 0.999922121896, -0.006276872927, 1.582777074561]
  - [0.000000000000, 0.000000000000, 0.000000000000, 1.000000000000]

T_BC:
  - [0.997807714185, 0.066152864393, 0.001887868233, -0.000692914871]
  - [0.066152739703, -0.997809500116, 0.000128484368, -0.247058185115]
  - [0.001892232467, -0.000003315038, -0.999998209721, 0.291292842333]
  - [0.000000000000, 0.000000000000, 0.000000000000, 1.000000000000]

R_Adj:
  - [1.000000000000, 0.000000000000, 0.000000000000]
  - [0.000000000000, 1.000000000000, 0.000000000000]
  - [0.000000000000, 0.000000000000, 1.000000000000]

# left-multiplied rigid z-plane correction (M_cal = T_FIX @ M_cal)
T_FIX:
  - [0.999999169387, 0.000000000000, 0.001288885433, 0.000000000000]
  - [0.000001825941, 0.999998996505, -0.001416681230, 0.000000000000]
  - [-0.001288884139, 0.001416682406, 0.999998165893, 0.000852342046]
  - [0.000000000000, 0.000000000000, 0.000000000000, 1.000000000000]

# optional z-only residual correction after T_FIX: z += f((x-center_x)/scale_xy, (y-center_y)/scale_xy)
Z_RESIDUAL:
  enabled: true
  model: quadratic_xy
  center_x: 0.405793248004
  center_y: -0.042849892433
  scale_xy: 0.462301735541
  max_abs_correction_m: 0.010000000000
  rms_before_m: 0.000979421080
  rms_after_m: 0.000932852968
  coeff: [0.000163673508, -0.000133896404, 0.000367345757, -0.000476234107, 0.003398253664, -0.000281007433]

# final constant offset; runtime applies this last when apply_T_CE_extra=true
T_CE:
  - [1.000000000000, 0.000000000000, 0.000000000000, 0.000000000000]
  - [0.000000000000, 1.000000000000, 0.000000000000, 0.000000000000]
  - [0.000000000000, 0.000000000000, 1.000000000000, 0.200000000000]
  - [0.000000000000, 0.000000000000, 0.000000000000, 1.000000000000]

# spatial-angle frame alignment (right-multiply)
T_SA:
  - [0.998272598495, 0.058712554085, 0.002157564878, 0.000000000000]
  - [0.058706941369, -0.998271929520, 0.002578714491, 0.000000000000]
  - [0.002305239368, -0.002447595980, -0.999994347557, 0.000000000000]
  - [0.000000000000, 0.000000000000, 0.000000000000, 1.000000000000]
