# VR calibration matrix setting
# Auto-capture + One-shot YAML update (R_Adj, T_AD, T_BC, T_SA)
# saved_at: 2026.05.22 18:54

meta:
  t_sa_w_des_z: 1.570796326795
  z_fix_enable: true
  z_fix_max_tilt_deg: 5.000000000000
  z_residual_enable: true
  z_residual_max_correction_mm: 10.000000000000
  note: "Runtime tool correction uses inv(T_BC); T_SA is right-multiplied."

T_AD:
  - [-0.054886858345, -0.012756857009, -0.998411085365, -0.893035607745]
  - [-0.998421933501, -0.011193289467, 0.055030473150, -0.099360753908]
  - [-0.011877520163, 0.999855976064, -0.012122361347, 1.598428972660]
  - [0.000000000000, 0.000000000000, 0.000000000000, 1.000000000000]

T_BC:
  - [0.999558124551, 0.029620387026, 0.002487632904, -0.000098857726]
  - [0.029617686941, -0.999560677832, 0.001115325983, -0.245046073338]
  - [0.002519576419, -0.001041155215, -0.999996283858, 0.291968033826]
  - [0.000000000000, 0.000000000000, 0.000000000000, 1.000000000000]

R_Adj:
  - [1.000000000000, 0.000000000000, 0.000000000000]
  - [0.000000000000, 1.000000000000, 0.000000000000]
  - [0.000000000000, 0.000000000000, 1.000000000000]

# left-multiplied rigid z-plane correction (M_cal = T_FIX @ M_cal)
T_FIX:
  - [0.999983078736, 0.000000000000, 0.005817408492, 0.000000000000]
  - [0.000004607090, 0.999999686409, -0.000791935393, 0.000000000000]
  - [-0.005817406668, 0.000791948794, 0.999982765150, 0.001368204949]
  - [0.000000000000, 0.000000000000, 0.000000000000, 1.000000000000]

# optional z-only residual correction after T_FIX: z += f((x-center_x)/scale_xy, (y-center_y)/scale_xy)
Z_RESIDUAL:
  enabled: true
  model: quadratic_xy
  center_x: 0.405274899230
  center_y: -0.021499321563
  scale_xy: 0.481264136358
  max_abs_correction_m: 0.010000000000
  rms_before_m: 0.002478079675
  rms_after_m: 0.002399363303
  coeff: [-0.000481536235, 0.001008542690, -0.000025767365, -0.000226543093, -0.004076014332, 0.002406924893]

# final constant offset; runtime applies this last when apply_T_CE_extra=true
T_CE:
  - [1.000000000000, 0.000000000000, 0.000000000000, 0.000000000000]
  - [0.000000000000, 1.000000000000, 0.000000000000, 0.000000000000]
  - [0.000000000000, 0.000000000000, 1.000000000000, -0.200000000000]
  - [0.000000000000, 0.000000000000, 0.000000000000, 1.000000000000]

# spatial-angle frame alignment (right-multiply)
T_SA:
  - [0.999350020860, 0.036042947537, -0.000664635227, 0.000000000000]
  - [0.036032100868, -0.999275398412, -0.012262374803, 0.000000000000]
  - [-0.001106125763, 0.012230456312, -0.999924593369, 0.000000000000]
  - [0.000000000000, 0.000000000000, 0.000000000000, 1.000000000000]

