# VR calibration matrix setting
# Auto-capture + One-shot YAML update (R_Adj, T_AD, T_BC, T_SA)
# saved_at: 2026.05.21 22:33

meta:
  t_sa_w_des_z: 1.570796326795
  z_fix_enable: true
  z_fix_max_tilt_deg: 5.000000000000
  z_residual_enable: true
  z_residual_max_correction_mm: 10.000000000000
  note: "Runtime tool correction uses inv(T_BC); T_SA is right-multiplied."

T_AD:
  - [-0.059119620164, -0.014425865710, -0.998146665030, -0.892025896792]
  - [-0.998122772684, -0.015165899316, 0.059337392490, -0.103785210544]
  - [-0.015993785080, 0.999780920950, -0.013502182874, 1.622518828282]
  - [0.000000000000, 0.000000000000, 0.000000000000, 1.000000000000]

T_BC:
  - [0.997819812513, 0.065922645263, 0.003134740457, -0.002435208011]
  - [0.065928756441, -0.997822547101, -0.001887742383, -0.245277701825]
  - [0.003003469736, 0.002090296291, -0.999993304893, 0.292184305608]
  - [0.000000000000, 0.000000000000, 0.000000000000, 1.000000000000]

R_Adj:
  - [1.000000000000, 0.000000000000, 0.000000000000]
  - [0.000000000000, 1.000000000000, 0.000000000000]
  - [0.000000000000, 0.000000000000, 1.000000000000]

# left-multiplied rigid z-plane correction (M_cal = T_FIX @ M_cal)
T_FIX:
  - [0.999999306940, 0.000000000000, 0.001177335724, 0.000000000000]
  - [0.000000720954, 0.999999812507, -0.000612360326, 0.000000000000]
  - [-0.001177335504, 0.000612360751, 0.999999119447, 0.000698600818]
  - [0.000000000000, 0.000000000000, 0.000000000000, 1.000000000000]

# optional z-only residual correction after T_FIX: z += f((x-center_x)/scale_xy, (y-center_y)/scale_xy)
Z_RESIDUAL:
  enabled: true
  model: quadratic_xy
  center_x: 0.404080508918
  center_y: -0.043503951040
  scale_xy: 0.478278145841
  max_abs_correction_m: 0.010000000000
  rms_before_m: 0.000701066104
  rms_after_m: 0.000693427466
  coeff: [-0.000115357198, -0.000058165453, 0.000020109659, 0.001283087892, 0.000533158960, 0.000330891865]

# optional extra constant offset; runtime ignores this unless apply_T_CE_extra=true or tool_correction_mode=t_ce
T_CE:
  - [1.000000000000, 0.000000000000, 0.000000000000, 0.000000000000]
  - [0.000000000000, 1.000000000000, 0.000000000000, 0.000000000000]
  - [0.000000000000, 0.000000000000, 1.000000000000, 0.260000000000]
  - [0.000000000000, 0.000000000000, 0.000000000000, 1.000000000000]

# spatial-angle frame alignment (right-multiply)
T_SA:
  - [0.080568541895, 0.996622192092, -0.015903341984, 0.000000000000]
  - [0.996741139850, -0.080621293210, -0.002703185512, 0.000000000000]
  - [-0.003976202668, -0.015633723501, -0.999869879786, 0.000000000000]
  - [0.000000000000, 0.000000000000, 0.000000000000, 1.000000000000]

