# VR calibration matrix setting
# Auto-capture + One-shot YAML update (R_Adj, T_AD, T_BC, T_SA)
# saved_at: 2026.05.17 18:06

meta:
  t_sa_w_des_z: 1.570796326795
  z_fix_enable: true
  z_fix_max_tilt_deg: 5.000000000000
  note: "Runtime tool correction uses inv(T_BC); T_SA is right-multiplied."

T_AD:
  - [-0.661302225708, 0.300384340911, -0.687348975418, 0.238356461714]
  - [0.314458310419, -0.720901611702, -0.617589537844, 0.090511595608]
  - [-0.681025210459, -0.624555933429, 0.382275488016, 1.105274345488]
  - [0.000000000000, 0.000000000000, 0.000000000000, 1.000000000000]

T_BC:
  - [-0.449890818768, 0.300553731739, 0.840990906922, 0.069192110420]
  - [-0.303369917041, 0.834247360714, -0.460432443010, -0.098236141943]
  - [-0.839979133445, -0.462275670439, -0.284141267503, 0.069014145864]
  - [0.000000000000, 0.000000000000, 0.000000000000, 1.000000000000]

R_Adj:
  - [0.978544767359, -0.205990141585, 0.004266127473]
  - [-0.009020575701, -0.022147320558, 0.999714021811]
  - [-0.205836749605, -0.978303407825, -0.023530294309]

# left-multiplied rigid z-plane correction (M_cal = T_FIX @ M_cal)
T_FIX:
  - [0.999977643029, 0.000000000000, -0.006686811127, 0.000000000000]
  - [0.000581084864, 0.996217026864, 0.086898203241, 0.000000000000]
  - [0.006661515100, -0.086900146065, 0.996194754468, 0.555753114314]
  - [0.000000000000, 0.000000000000, 0.000000000000, 1.000000000000]

# optional extra constant offset; runtime ignores this unless apply_T_CE_extra=true or tool_correction_mode=t_ce
T_CE:
  - [1.000000000000, 0.000000000000, 0.000000000000, 0.000000000000]
  - [0.000000000000, 1.000000000000, 0.000000000000, 0.000000000000]
  - [0.000000000000, 0.000000000000, 1.000000000000, 0.230000000000]
  - [0.000000000000, 0.000000000000, 0.000000000000, 1.000000000000]

# spatial-angle frame alignment (right-multiply)
T_SA:
  - [-0.999747926805, 0.021349505737, 0.006948485735, 0.000000000000]
  - [0.021253897885, 0.999682227378, -0.013554190820, 0.000000000000]
  - [-0.007235652971, -0.013403091766, -0.999883994500, 0.000000000000]
  - [0.000000000000, 0.000000000000, 0.000000000000, 1.000000000000]

