# VR calibration matrix setting
# Auto-capture + One-shot YAML update (R_Adj, T_AD, T_BC, T_SA)
# saved_at: 2026.05.25 14:22

meta:
  t_sa_w_des_z: 1.570796326795
  z_fix_enable: true
  z_fix_max_tilt_deg: 5.000000000000
  z_residual_enable: true
  z_residual_max_correction_mm: 10.000000000000
  note: "Runtime tool correction uses inv(T_BC); T_SA is right-multiplied."

T_AD:
  - [-0.053347056815, -0.008872424480, -0.998536615059, -0.892285069669]
  - [-0.998528034784, -0.009330175420, 0.053429501007, -0.098725209955]
  - [-0.009790570994, 0.999917110520, -0.008361627181, 1.599138854076]
  - [0.000000000000, 0.000000000000, 0.000000000000, 1.000000000000]

T_BC:
  - [0.999989402372, -0.002298049131, 0.003989249790, 0.000921618091]
  - [-0.002301490854, -0.999996983163, 0.000858373335, -0.245429580528]
  - [0.003987265171, -0.000867545461, -0.999991674506, 0.292531013174]
  - [0.000000000000, 0.000000000000, 0.000000000000, 1.000000000000]

R_Adj:
  - [1.000000000000, 0.000000000000, 0.000000000000]
  - [0.000000000000, 1.000000000000, 0.000000000000]
  - [0.000000000000, 0.000000000000, 1.000000000000]

# left-multiplied rigid z-plane correction (M_cal = T_FIX @ M_cal)
T_FIX:
  - [0.999993071586, 0.000000000000, 0.003722469691, 0.000000000000]
  - [0.000005030335, 0.999999086935, -0.001351334080, 0.000000000000]
  - [-0.003722466292, 0.001351343443, 0.999992158527, 0.000593653091]
  - [0.000000000000, 0.000000000000, 0.000000000000, 1.000000000000]

# optional z-only residual correction after T_FIX: z += f((x-center_x)/scale_xy, (y-center_y)/scale_xy)
Z_RESIDUAL:
  enabled: true
  model: quadratic_xy
  center_x: 0.404681668361
  center_y: -0.021759141340
  scale_xy: 0.481088747115
  max_abs_correction_m: 0.010000000000
  rms_before_m: 0.002469734612
  rms_after_m: 0.002409137038
  coeff: [-0.000535577055, 0.000485622233, -0.000046282841, 0.002352277618, -0.002728802434, 0.002106151397]

# final constant offset; runtime applies this last when apply_T_CE_extra=true
T_CE:
  - [1.000000000000, 0.000000000000, 0.000000000000, 0.000000000000]
  - [0.000000000000, 1.000000000000, 0.000000000000, 0.000000000000]
  - [0.000000000000, 0.000000000000, 1.000000000000, -0.197000000000]
  - [0.000000000000, 0.000000000000, 0.000000000000, 1.000000000000]

# spatial-angle frame alignment (right-multiply)
T_SA:
  - [0.999984371104, -0.004711494581, 0.003009878456, 0.000000000000]
  - [-0.004677158324, -0.999925046781, -0.011314813688, 0.000000000000]
  - [0.003062962540, 0.011300559173, -0.999931455463, 0.000000000000]
  - [0.000000000000, 0.000000000000, 0.000000000000, 1.000000000000]

