# VR calibration matrix setting
# Auto-capture + One-shot YAML update (R_Adj, T_AD, T_BC, T_SA)
# saved_at: 2026.04.12 21:21

meta:
  t_sa_w_des_z: 1.570796326795
  note: "T_SA is right-multiplied in vive_tracker (M_cal = ... @ T_SA)"

T_AD:
  - [0.973121092668, -0.009640933225, -0.230092136785, 0.121908249814]
  - [-0.230266297527, -0.025229110140, -0.972800557270, -1.061107304887]
  - [0.003573685353, 0.999635205667, -0.026770961225, 1.403940525582]
  - [0.000000000000, 0.000000000000, 0.000000000000, 1.000000000000]

T_BC:
  - [0.998655985231, -0.051751880979, 0.002822406240, -0.001034175337]
  - [-0.051744925223, -0.998657244116, -0.002484248135, -0.245138030126]
  - [0.002947180951, 0.002334864069, -0.999992931242, 0.292148168127]
  - [0.000000000000, 0.000000000000, 0.000000000000, 1.000000000000]

R_Adj:
  - [0.999999504030, -0.000049349753, 0.000994738403]
  - [0.000050399995, 0.999999441373, -0.001055800112]
  - [-0.000994685744, 0.001055849723, 0.999998947890]

# constant offset: tune here if needed
T_CE:
  - [1.000000000000, 0.000000000000, 0.000000000000, 0.0050000000000]
  - [0.000000000000, 1.000000000000, 0.000000000000, 0.015000000000]
  - [0.000000000000, 0.000000000000, 1.000000000000, 0.2300000000]
  - [0.000000000000, 0.000000000000, 0.000000000000, 1.000000000000]

# spatial-angle frame alignment (right-multiply)
T_SA:
  - [-0.999747926805, 0.021349505737, 0.006948485735, 0.000000000000]
  - [0.021253897885, 0.999682227378, -0.013554190820, 0.000000000000]
  - [-0.007235652971, -0.013403091766, -0.999883994500, 0.000000000000]
  - [0.000000000000, 0.000000000000, 0.000000000000, 1.000000000000]

