# VR calibration matrix setting
# Auto-capture + One-shot YAML update (R_Adj, T_AD, T_BC, T_SA)
# saved_at: 2026.05.19 16:01

meta:
  t_sa_w_des_z: 1.570796326795
  z_fix_enable: true
  z_fix_max_tilt_deg: 5.000000000000
  note: "Runtime tool correction uses inv(T_BC); T_SA is right-multiplied."

T_AD:
  - [0.981989910405, 0.188918199400, -0.002393699822, 0.133339202321]
  - [-0.186877377971, 0.973089876079, 0.134807042381, -1.073510651102]
  - [0.027796788776, -0.131931827123, 0.990868977981, 1.409511449591]
  - [0.000000000000, 0.000000000000, 0.000000000000, 1.000000000000]

T_BC:
  - [0.999983819755, 0.003163873775, 0.004727592425, 0.000086209125]
  - [0.003172244236, -0.999993412376, -0.001764106136, -0.244588683051]
  - [0.004721979872, 0.001779074670, -0.999987268819, 0.292431367576]
  - [0.000000000000, 0.000000000000, 0.000000000000, 1.000000000000]

R_Adj:
  - [0.999491265290, -0.017390970677, -0.026735084591]
  - [0.023876635955, -0.147747599365, 0.988736847264]
  - [-0.021145138085, -0.988872186393, -0.147257197157]

# left-multiplied rigid z-plane correction (M_cal = T_FIX @ M_cal)
T_FIX:
  - [0.999983430853, 0.000000000000, 0.005756563102, 0.000000000000]
  - [-0.000004821558, 0.999999649233, 0.000837561938, 0.000000000000]
  - [-0.005756561082, -0.000837575816, 0.999983080092, 0.002474916478]
  - [0.000000000000, 0.000000000000, 0.000000000000, 1.000000000000]

# optional extra constant offset; runtime ignores this unless apply_T_CE_extra=true or tool_correction_mode=t_ce
T_CE:
  - [1.000000000000, 0.000000000000, 0.000000000000, 0.000000000000]
  - [0.000000000000, 1.000000000000, 0.000000000000, 0.000000000000]
  - [0.000000000000, 0.000000000000, 1.000000000000, 0.260000000000]
  - [0.000000000000, 0.000000000000, 0.000000000000, 1.000000000000]

# spatial-angle frame alignment (right-multiply)
T_SA:
  - [0.999997696729, 0.001886265355, 0.001023981812, 0.000000000000]
  - [0.001894795664, -0.999962970566, -0.008394477202, 0.000000000000]
  - [0.001008109683, 0.008396398104, -0.999964241468, 0.000000000000]
  - [0.000000000000, 0.000000000000, 0.000000000000, 1.000000000000]

