# VR calibration matrix setting
# Auto-capture + One-shot YAML update (R_Adj, T_AD, T_BC, T_SA)
# saved_at: 2026.07.15 20:42

meta:
  t_sa_w_des_z: 1.570796326795
  z_fix_enable: true
  z_fix_max_tilt_deg: 5.000000000000
  z_residual_enable: true
  z_residual_max_correction_mm: 10.000000000000
  note: "Runtime tool correction uses inv(T_BC); T_SA is right-multiplied."

T_AD:
  - [0.030905755771, -0.014921819489, -0.999410913270, -0.906001234486]
  - [-0.999411399876, -0.015355987802, -0.030676496478, -0.024429954326]
  - [-0.014889192650, 0.999770740191, -0.015387624913, 1.605912476044]
  - [0.000000000000, 0.000000000000, 0.000000000000, 1.000000000000]

T_BC:
  - [0.999315763265, -0.036937859215, 0.001897326073, 0.000834490157]
  - [-0.036939267739, -0.999317258166, 0.000712762151, -0.245560115919]
  - [0.001869702781, -0.000782360289, -0.999997946060, 0.289137083415]
  - [0.000000000000, 0.000000000000, 0.000000000000, 1.000000000000]

R_Adj:
  - [1.000000000000, 0.000000000000, 0.000000000000]
  - [0.000000000000, 1.000000000000, 0.000000000000]
  - [0.000000000000, 0.000000000000, 1.000000000000]

# left-multiplied rigid z-plane correction (M_cal = T_FIX @ M_cal)
T_FIX:
  - [0.999754615388, 0.000000000000, 0.022151952746, 0.000000000000]
  - [0.000020092782, 0.999999588636, -0.000906820813, 0.000000000000]
  - [-0.022151943634, 0.000907043387, 0.999754204125, 0.010417222766]
  - [0.000000000000, 0.000000000000, 0.000000000000, 1.000000000000]

# optional z-only residual correction after T_FIX: z += f((x-center_x)/scale_xy, (y-center_y)/scale_xy)
Z_RESIDUAL:
  enabled: true
  model: quadratic_xy
  center_x: 0.412376866964
  center_y: -0.021094705364
  scale_xy: 0.482438520798
  max_abs_correction_m: 0.010000000000
  rms_before_m: 0.009123500661
  rms_after_m: 0.008798255829
  coeff: [-0.000949229384, -0.006925119862, -0.002997048722, 0.039673095705, -0.009698209987, -0.006757211180]

# final constant offset; runtime applies this last when apply_T_CE_extra=true
T_CE:
  - [1.000000000000, 0.000000000000, 0.000000000000, 0.000000000000]
  - [0.000000000000, 1.000000000000, 0.000000000000, 0.000000000000]
  - [0.000000000000, 0.000000000000, 1.000000000000, 0.146000000000]
  - [0.000000000000, 0.000000000000, 0.000000000000, 1.000000000000]

# spatial-angle frame alignment (right-multiply)
T_SA:
  - [0.999241938674, -0.038469318074, 0.005971562913, 0.000000000000]
  - [-0.038379864167, -0.999158967455, -0.014434118748, 0.000000000000]
  - [0.006521811340, 0.014193989029, -0.999877990884, 0.000000000000]
  - [0.000000000000, 0.000000000000, 0.000000000000, 1.000000000000]
