# VR calibration matrix setting
# Auto-capture + One-shot YAML update (R_Adj, T_AD, T_BC, T_SA)
# saved_at: 2026.07.09 18:55

meta:
  t_sa_w_des_z: 1.570796326795
  z_fix_enable: true
  z_fix_max_tilt_deg: 5.000000000000
  z_residual_enable: true
  z_residual_max_correction_mm: 10.000000000000
  note: "Runtime tool correction uses inv(T_BC); T_SA is right-multiplied."

T_AD:
  - [0.128539225288, -0.025302265837, -0.991381592983, -0.908497644541]
  - [-0.991578910589, -0.019183491523, -0.128075203408, 0.032555748366]
  - [-0.015777567541, 0.999495767373, -0.027555024333, 1.600180834867]
  - [0.000000000000, 0.000000000000, 0.000000000000, 1.000000000000]

T_BC:
  - [0.999908264315, 0.013329413879, 0.002406175326, 0.000374114219]
  - [0.013330355183, -0.999911076328, -0.000375589839, -0.246128306710]
  - [0.002400954967, 0.000407630556, -0.999997034622, 0.292799178013]
  - [0.000000000000, 0.000000000000, 0.000000000000, 1.000000000000]

R_Adj:
  - [1.000000000000, 0.000000000000, 0.000000000000]
  - [0.000000000000, 1.000000000000, 0.000000000000]
  - [0.000000000000, 0.000000000000, 1.000000000000]

# left-multiplied rigid z-plane correction (M_cal = T_FIX @ M_cal)
T_FIX:
  - [0.999988256351, -0.000000000000, 0.004846355400, 0.000000000000]
  - [0.000010202766, 0.999997783969, -0.002105220436, 0.000000000000]
  - [-0.004846344661, 0.002105245160, 0.999986040346, 0.001387450350]
  - [0.000000000000, 0.000000000000, 0.000000000000, 1.000000000000]

# optional z-only residual correction after T_FIX: z += f((x-center_x)/scale_xy, (y-center_y)/scale_xy)
Z_RESIDUAL:
  enabled: true
  model: quadratic_xy
  center_x: 0.405393550558
  center_y: -0.021856492740
  scale_xy: 0.480882039389
  max_abs_correction_m: 0.010000000000
  rms_before_m: 0.002157564477
  rms_after_m: 0.002052713492
  coeff: [-0.000675307619, 0.000062068083, -0.000304600918, 0.005448084910, -0.004461339512, 0.001887379329]

# final constant offset; runtime applies this last when apply_T_CE_extra=true
T_CE:
  - [1.000000000000, 0.000000000000, 0.000000000000, 0.000000000000]
  - [0.000000000000, 1.000000000000, 0.000000000000, 0.000000000000]
  - [0.000000000000, 0.000000000000, 1.000000000000, -0.197000000000]
  - [0.000000000000, 0.000000000000, 0.000000000000, 1.000000000000]

# spatial-angle frame alignment (right-multiply)
T_SA:
  - [0.999968660279, -0.005852438708, -0.005331737335, 0.000000000000]
  - [-0.005960016468, -0.999774347269, -0.020389525429, 0.000000000000]
  - [-0.005211205765, 0.020420663670, -0.999777895251, 0.000000000000]
  - [0.000000000000, 0.000000000000, 0.000000000000, 1.000000000000]

