# VR calibration matrix setting
# Auto-capture + One-shot YAML update (R_Adj, T_AD, T_BC, T_SA)
# saved_at: 2026.05.13 21:10

meta:
  t_sa_w_des_z: 1.570796326795
  note: "T_SA is right-multiplied in vive_tracker (M_cal = ... @ T_SA)"

T_AD:
  - [0.977649484474, -0.008797277242, -0.210057357454, 0.138145645452]
  - [-0.210130864619, -0.008478941878, -0.977636500587, -1.081977828657]
  - [0.006819475212, 0.999925354943, -0.010138012629, 1.391345039910]
  - [0.000000000000, 0.000000000000, 0.000000000000, 1.000000000000]

T_BC:
  - [0.995212558770, -0.097668649662, 0.003577392856, -0.002397457359]
  - [-0.097662256857, -0.995217762694, -0.001920521653, -0.244430421649]
  - [0.003747859670, 0.001561951008, -0.999991756894, 0.292583250120]
  - [0.000000000000, 0.000000000000, 0.000000000000, 1.000000000000]

R_Adj:
  - [0.999999941204, 0.000120034717, 0.000321223015]
  - [-0.000119689391, 0.999999415196, -0.001074840133]
  - [-0.000321351845, 0.001074801623, 0.999999370767]

# constant offset: tune here if needed
T_CE:
  - [1.000000000000, 0.000000000000, 0.000000000000, 0.000000000000]
  - [0.000000000000, 1.000000000000, 0.000000000000, 0.000000000000]
  - [0.000000000000, 0.000000000000, 1.000000000000, 0.230000000000]
  - [0.000000000000, 0.000000000000, 0.000000000000, 1.000000000000]

# spatial-angle frame alignment (right-multiply)
T_SA:
  - [-0.999747926805, 0.021349505737, 0.006948485735, 0.000000000000]
  - [0.021253897885, 0.999682227378, -0.013554190820, 0.000000000000]
  - [-0.007235652971, -0.013403091766, -0.999883994500, 0.000000000000]
  - [0.000000000000, 0.000000000000, 0.000000000000, 1.000000000000]

