# VR calibration matrix setting
# Auto-capture + One-shot YAML update (R_Adj, T_AD, T_BC, T_SA)
# saved_at: 2026.05.18 14:15

meta:
  t_sa_w_des_z: 1.570796326795
  z_fix_enable: true
  z_fix_max_tilt_deg: 5.000000000000
  note: "Runtime tool correction uses inv(T_BC); T_SA is right-multiplied."

T_AD:
  - [0.984767575199, 0.145979560029, -0.094460525571, 0.134356373310]
  - [-0.129270666305, 0.977998416280, 0.163732075618, -1.074407996929]
  - [0.116283780771, -0.149027064008, 0.981972003940, 1.408260782351]
  - [0.000000000000, 0.000000000000, 0.000000000000, 1.000000000000]

T_BC:
  - [0.999983582315, 0.003812221366, 0.004278091787, -0.000329051916]
  - [0.003827580819, -0.999986238448, -0.003587832044, -0.245972284481]
  - [0.004264355304, 0.003604147882, -0.999984412574, 0.292872434903]
  - [0.000000000000, 0.000000000000, 0.000000000000, 1.000000000000]

R_Adj:
  - [0.991659209571, -0.058347683401, -0.114924148527]
  - [0.104323303858, -0.160252505988, 0.981547646626]
  - [-0.075687914129, -0.985350030277, -0.152828850315]

# left-multiplied rigid z-plane correction (M_cal = T_FIX @ M_cal)
T_FIX:
  - [0.999982445428, 0.000000000000, 0.005925271013, 0.000000000000]
  - [0.000010058300, 0.999998559202, -0.001697495975, 0.000000000000]
  - [-0.005925262476, 0.001697525775, 0.999981004655, 0.002201882137]
  - [0.000000000000, 0.000000000000, 0.000000000000, 1.000000000000]

# optional extra constant offset; runtime ignores this unless apply_T_CE_extra=true or tool_correction_mode=t_ce
T_CE:
  - [1.000000000000, 0.000000000000, 0.000000000000, 0.000000000000]
  - [0.000000000000, 1.000000000000, 0.000000000000, 0.000000000000]
  - [0.000000000000, 0.000000000000, 1.000000000000, 0.260000000000]
  - [0.000000000000, 0.000000000000, 0.000000000000, 1.000000000000]

# spatial-angle frame alignment (right-multiply)
T_SA:
  - [0.999863144546, -0.003507444395, -0.016167560490, 0.000000000000]
  - [0.003127506074, 0.999719750178, -0.023465715634, 0.000000000000]
  - [0.016245334227, 0.023411940079, 0.999593902632, 0.000000000000]
  - [0.000000000000, 0.000000000000, 0.000000000000, 1.000000000000]

