# VR calibration matrix setting
# Auto-capture + One-shot YAML update (R_Adj, T_AD, T_BC, T_SA)
# saved_at: 2026.04.11 18:22

meta:
  t_sa_w_des_z: 1.570796326795
  note: "T_SA is right-multiplied in vive_tracker (M_cal = ... @ T_SA)"

T_AD:
  - [0.974544816824, -0.011321096705, -0.223906750168, 0.132362010884]
  - [-0.224036290350, -0.011868808392, -0.974508528436, -1.075063685571]
  - [0.008374998975, 0.999865473030, -0.014103022209, 1.452957212126]
  - [0.000000000000, 0.000000000000, 0.000000000000, 1.000000000000]

T_BC:
  - [0.997384744040, -0.072222995085, 0.002740681733, -0.002577440436]
  - [-0.072218797079, -0.997387528400, -0.001601106052, -0.243707688523]
  - [0.002849158454, 0.001398990012, -0.999994962549, 0.279411733398]
  - [0.000000000000, 0.000000000000, 0.000000000000, 1.000000000000]

R_Adj:
  - [0.999999589564, -0.000645568492, 0.000635698982]
  - [0.000646409325, 0.999998915416, -0.001323374881]
  - [-0.000634843964, 0.001323785259, 0.999998922282]

# constant offset: tune here if needed
T_CE:
  - [1.000000000000, 0.000000000000, 0.000000000000, 0.000000000000]
  - [0.000000000000, 1.000000000000, 0.000000000000, 0.000000000000]
  - [0.000000000000, 0.000000000000, 1.000000000000, 0.261000000000]
  - [0.000000000000, 0.000000000000, 0.000000000000, 1.000000000000]

# spatial-angle frame alignment (right-multiply)
T_SA:
  - [-0.999747926805, 0.021349505737, 0.006948485735, 0.000000000000]
  - [0.021253897885, 0.999682227378, -0.013554190820, 0.000000000000]
  - [-0.007235652971, -0.013403091766, -0.999883994500, 0.000000000000]
  - [0.000000000000, 0.000000000000, 0.000000000000, 1.000000000000]

