# VR calibration matrix setting
# Auto-capture + One-shot YAML update (R_Adj, T_AD, T_BC, T_SA)
# saved_at: 2026.05.18 13:07

meta:
  t_sa_w_des_z: 1.570796326795
  z_fix_enable: true
  z_fix_max_tilt_deg: 5.000000000000
  note: "Runtime tool correction uses inv(T_BC); T_SA is right-multiplied."

T_AD:
  - [0.982050264354, 0.187913725188, 0.016300618667, 0.138696693246]
  - [-0.188421165867, 0.973386806287, 0.130443817793, -1.070268913493]
  - [0.008645376584, -0.131173767320, 0.991321693615, 1.411503510938]
  - [0.000000000000, 0.000000000000, 0.000000000000, 1.000000000000]

T_BC:
  - [0.999995041980, 0.000432001637, 0.003119197047, 0.000475935932]
  - [0.000456067304, -0.999970105961, -0.007718755525, -0.253887995746]
  - [0.003115769287, 0.007720139819, -0.999965345111, 0.298054667739]
  - [0.000000000000, 0.000000000000, 0.000000000000, 1.000000000000]

R_Adj:
  - [0.999769670069, -0.021399016274, -0.001639790654]
  - [-0.001165120770, -0.130409660572, 0.991459511489]
  - [-0.021430102764, -0.991229238134, -0.130404555763]

# left-multiplied rigid z-plane correction (M_cal = T_FIX @ M_cal)
T_FIX:
  - [0.999456105937, 0.000000000000, -0.032977148215, 0.000000000000]
  - [0.000091524897, 0.999996148560, 0.002773894115, 0.000000000000]
  - [0.032977021206, -0.002775403641, 0.999452256592, -0.012857083410]
  - [0.000000000000, 0.000000000000, 0.000000000000, 1.000000000000]

# optional extra constant offset; runtime ignores this unless apply_T_CE_extra=true or tool_correction_mode=t_ce
T_CE:
  - [1.000000000000, 0.000000000000, 0.000000000000, 0.000000000000]
  - [0.000000000000, 1.000000000000, 0.000000000000, 0.000000000000]
  - [0.000000000000, 0.000000000000, 1.000000000000, 0.260000000000]
  - [0.000000000000, 0.000000000000, 0.000000000000, 1.000000000000]

# spatial-angle frame alignment (right-multiply)
T_SA:
  - [0.909514326129, -0.248188108367, -0.333446177713, 0.000000000000]
  - [0.178958845879, 0.957831559519, -0.224794206043, 0.000000000000]
  - [0.375176521184, 0.144780407700, 0.915576982836, 0.000000000000]
  - [0.000000000000, 0.000000000000, 0.000000000000, 1.000000000000]

